# placeholder. copied from makamcake, which had a gen script in python
pentachords = [("rast", (9, 6.5, 6.5, 9), (0, 0, 1.5, 0, 0)),
	      ("cargah", (9, 9, 4, 9), (0, 0, 0, 0, 0)),
 	      ("buselik", (9, 4, 9, 9), (0, 0, 0, 0, 0)),
 	      ("beyati", (7, 6, 9, 9), (0, 1.2, 0, 0, 0)),
     	      ("huseyni", (6.5, 6.5, 9, 9), (0, 1.2, 0, 0, 0)),
	      ("ussak", (6, 7, 9, 9), (0, 1.2, 0, 0, 0)),
    	      ("hicaz", (5, 12, 5, 9), (0, 1, 1.2, 0, 0)),
     	      ("karcigarli hicaz", (6, 10, 6, 9), (0, 1, 1.2, 0, 0)),
	      ("garip hicaz", (6, 9, 7, 9), (0, 1, 1.2, 0, 0)),
     	      ("segah base", (12, 5, 5, 9), (0, 0.5, 1, 0, 0)),
     	      ("huzzam", (5, 9, 6.5, 10.5), (0.75, 0, 0, 1, 1)),
   	      ("segah", (5, 9, 7.5, 9.5), (0.75, 0, 0, 0.75, 0.75)),
	      ("segah desc", (5, 9, 8, 5), (0.75, 0, 0, 1, 0)),
  	      ("kurdi", (4, 9, 9, 9), (0, 0, 0, 0, 0)),
 	      ("kurdili ussak", (5, 8, 9, 9), (0, 0.5, 0, 0, 0)),
    	      ("nikriz", (9, 5, 12, 5), (0, 0, 1, 1, 0)),
    	      ("saba", (6.5, 6.5, 6, 12), (0, 1.2, 0, 1.2, 0)),
 	      ("bestenigar", (6.5, 6.5, 6.5, 11.5), (0, 1.2, 0, 1.2, 0)),
              ("nisabur", (9, 5, 9, 4), (1, 1, 0, 0, 0)),
 	      ("pencgah", (9, 7.5, 9, 5.5), (0, 0, 1, 1, 0)),]
"""
("mustear 1", (0, 0, 0, 0), (0, 0, 0, 0, 0)),
("mustear 2", (0, 0, 0, 0), (0, 0, 0, 0, 0)),
("pencgah", (0, 0, 0, 0), (0, 0, 0, 0, 0)),
("ferahnak 1", (0, 0, 0, 0), (0, 0, 0, 0, 0)),
("ferahnak 2", (0, 0, 0, 0), (0, 0, 0, 0, 0)),
"""
